--- Sheet: A3 ---
Datum	MV EDZ 0-50	MV EDZ 0-10	MV EDZ 10-20	MV EDZ 20-30	MV EDZ 30-40	MV EDZ 40-50
2019-12-01T00:00:00	10.258827128946395	10.193064805758329	10.21376954722269	10.24863489505585	10.286405040345107	10.355389925799653
2019-12-10T00:00:00	10.240352406054956	10.168243408315147	10.199296636174136	10.235680167695314	10.251042103872999	10.350285983294487
2019-12-20T00:00:00	10.225405543632814	10.156096208976306	10.176401484882813	10.232725112065147	10.245091308521761	10.320521919658123
2019-12-31T00:00:00	10.220609796026846	10.140554576874031	10.180134450259878	10.230855827390561	10.227048880076511	10.326586757917422
2020-01-10T00:00:00	10.228326684597347	10.140085673077547	10.183490808343556	10.229381309182918	10.245289387953578	10.34467467566019
2020-01-20T00:00:00	10.23209024696218	10.153969144862153	10.197700532452544	10.236025207620415	10.249006958007813	10.333029731509876
2020-01-31T00:00:00	10.228273727282248	10.137977101731986	10.179416001202544	10.238985122134878	10.253974294009879	10.338197708007813
2020-02-10T03:00:00	10.22462306732875	10.127470958588908	10.180134450259878	10.223004300531056	10.236888066543454	10.360819050531056
2020-02-20T00:00:00	10.216446712576367	10.117488925595623	10.169862667008331	10.237011362320828	10.234177470662772	10.327873841788804
2020-02-29T00:00:00	10.22247812538346	10.125749140177234	10.188055338754197	10.23641961148405	10.23782530391174	10.33488881065244
2020-03-10T00:00:00	10.221717914457855	10.126772724665871	10.17176946607858	10.227171571515044	10.249006958007813	10.346491610900376
2020-03-20T00:00:00	10.231082402049768	10.129800369100273	10.180613567382814	10.232331433408122	10.25521801656928	10.362387573645726
2020-03-30T09:00:00	10.21176716562027	10.107102441543454	10.168671899640046	10.20836608642982	10.231962429921552	10.349349786326513
2020-04-10T09:00:00	10.214184417620704	10.12421486031928	10.150193740936533	10.213720800918452	10.23836811445151	10.354034687282091
2020-04-20T12:00:00	10.200978567166551	10.076536191930849	10.138913942382814	10.218601414296554	10.236394958976305	10.341563374265561
2020-04-30T00:00:00	10.201762131045228	10.097234749459258	10.143370537876098	10.205694213560498	10.223371649640045	10.349609801757815
2020-05-10T00:00:00	10.196544346118754	10.095405064025377	10.149015513599238	10.19407791913901	10.218479251654507	10.32993474726401
2020-05-20T00:00:00	10.203068773697693	10.104802643635397	10.154914204521244	10.200119385112668	10.221657935474237	10.3374217410011
2020-05-31T00:00:00	10.199203659997433	10.099753724601307	10.148779958782608	10.197700532452544	10.216281615871967	10.340009355283122
2020-06-10T00:00:00	10.212397466333936	10.120037150737666	10.160120674691697	10.205451497328578	10.240837278320313	10.34415582325833
2020-06-20T00:00:00	10.204010100416983	10.11725745006618	10.15349679633426	10.198667710913288	10.220190216078578	10.333804157452544
2020-06-30T21:00:00	10.20244147557918	10.115869231445313	10.148308939800167	10.193354212333743	10.226558189864734	10.330192496424655
2020-07-10T00:00:00	10.208408980499161	10.127470958588908	10.156332700518142	10.198667710913288	10.22803062310337	10.337939022121967
2020-07-20T00:00:00	10.21192472182161	10.13938254400988	10.163678925918454	10.205208811313597	10.22288186593653	10.336646045946864
2020-07-31T21:00:00	10.208042028320314	10.13330015054397	10.158462484157091	10.199877363870415	10.215549614516078	10.330965925208227
2020-08-10T00:00:00	10.221348472767762	10.141023601538286	10.169148115936533	10.217624324678784	10.240343203811015	10.34363709172424
2020-08-20T00:00:00	10.21713117389233	10.13821126656928	10.172962197548102	10.208852274317215	10.228521675918453	10.340527240742835
2020-08-31T00:00:00	10.215972993907464	10.14525026256618	10.167719829650377	10.210311563186016	10.226067620520727	10.329677028320312
2020-09-10T00:00:00	10.230234084143193	10.16083178103209	10.183490808343556	10.224474104895727	10.238368114451513	10.34467467566019
--- Sheet: A4 ---
Datum	MV EDZ 0-50	MV EDZ 0-10	MV EDZ 10-20	MV EDZ 20-30	MV EDZ 30-40	MV EDZ 40-50
2019-12-01T00:00:00	10.219847562987436	10.193154034812604	10.2746182695812	10.194221888804341	10.330660818042357	10.406990478925
2019-12-10T00:00:00	10.246748076665895	10.203794553448969	10.234818648093597	10.295186879630787	10.348262382711777	10.375214227272107
2019-12-20T00:00:00	10.256177857300003	10.210352925551241	10.258356378542977	10.297978609914878	10.357376477623967	10.386550693300002
2019-12-31T00:00:00	10.247627519329788	10.201371116878722	10.247172933217563	10.29265211578781	10.348782190976241	10.362102544420868
2020-01-10T00:00:00	10.24419984445921	10.203552073815704	10.238517001683473	10.28784438925372	10.352163890847109	10.34984644206033
2020-01-20T00:00:00	10.243058572134158	10.196533308820868	10.248164539457232	10.284561177275414	10.355029317835744	10.353750712024173
2020-01-31T00:00:00	10.254941577411865	10.220598622059505	10.245934105299174	10.292398805596694	10.352684605619835	10.35244853327934
2020-02-10T03:00:00	10.251501586952056	10.22084321687872	10.244201015324998	10.284561177275414	10.340479762877067	10.357922760453926
2020-02-20T00:00:00	10.25220675424654	10.214981281093596	10.242222154085331	10.29265211578781	10.338408990563018	10.343354433925
2020-02-29T00:00:00	10.252471254758378	10.208893605861157	10.252881271497522	10.292398805596697	10.354768673388431	10.3576617808
2020-03-10T00:00:00	10.241917942791677	10.204037063299175	10.235064993480991	10.279268314604959	10.314478176280993	10.338950655841323
2020-03-20T00:00:00	10.23932321626306	10.214737411480993	10.229357561960331	10.267020173001654	10.319807755123968	10.320601475824795
2020-03-30T09:00:00	10.238342297128824	10.203455090423141	10.235656345695867	10.273436454390083	10.316526467190084	10.318549342932233
2020-04-10T09:00:00	10.242093382378046	10.208407407700001	10.226706202014052	10.28380423817934	10.31499006770661	10.330169297762811
2020-04-20T12:00:00	10.242289892782209	10.204366925187603	10.240610812500002	10.27808051485372	10.315522563005786	10.3209094625562
2020-04-30T00:00:00	10.241461871089804	10.212884989914876	10.235754921319835	10.273536865914878	10.308038700268597	10.313734442886778
2020-05-10T00:00:00	10.240690291805723	10.209185382774383	10.234375302542976	10.276953734410744	10.300499378450414	10.311075469299999
2020-05-20T00:00:00	10.235437376717275	10.190984771832232	10.234572332923142	10.278764927435539	10.307834586714876	10.308623932969422
2020-05-31T00:00:00	10.24455113453205	10.203552073815704	10.23555777490661	10.290879579005786	10.314990067706614	10.312711373961157
2020-06-10T00:00:00	10.246792039763093	10.207605444981251	10.24195021190067	10.28883034864654	10.31522045828125	10.315602789973813
2020-06-20T00:00:00	10.244335962138393	10.206743094911324	10.236629991841077	10.287579017174238	10.32416051676556	10.335937815417317
2020-06-30T21:00:00	10.246132693176694	10.196291735695869	10.243953551910742	10.297470750638016	10.31857669198347	10.341021934188431
2020-07-10T00:00:00	10.256442871436967	10.208164353944834	10.248164539457232	10.308926819258886	10.328084137257232	10.343354433925
2020-07-20T00:00:00	10.259714194552863	10.219131687700001	10.254373032096694	10.303063850410746	10.325253278450415	10.345689381233885
2020-07-31T21:00:00	10.252735789511888	10.204764774151446	10.245686430366323	10.305356151944835	10.32037222506715	10.34179916214814
2020-08-10T00:00:00	10.256266191541027	10.205735478325	10.253627015820868	10.304337049093597	10.339961888496902	10.343873099586155
2020-08-20T00:00:00	10.256442871436967	10.214981281093596	10.246181810448968	10.304846540085332	10.331176516802689	10.336105805784506
2020-08-31T00:00:00	10.247979402925	10.208164353944834	10.24321134296963	10.288602778763018	10.32191243188533	10.31860062268533
2020-09-10T00:00:00	10.255647931751092	10.2166892144562	10.247916592571901	10.300519719315703	10.314478176280993	10.32759319311405
--- Sheet: A7 ---
Datum	MV EDZ 0-50	MV EDZ 0-10	MV EDZ 10-20	MV EDZ 20-30	MV EDZ 30-40	MV EDZ 40-50
2019-12-01T00:00:00	10.30936920409209	10.193832632479339	10.341360426714877	10.40337795603306	10.43946490357438	10.486508598099174
2019-12-10T00:00:00	10.335893270237381	10.21884168952996	10.353570098125001	10.44825561329029	10.439194648125	10.501705698951447
2019-12-20T00:00:00	10.267565303610823	10.154201427210745	10.293696072479339	10.365881440433885	10.382318911735537	10.426096653161157
2019-12-31T00:00:00	10.285405688626433	10.157038413161159	10.323299548099172	10.385874213987606	10.392895250578512	10.45747748126033
2020-01-10T00:00:00	10.316719833192636	10.206661333125	10.343693281802686	10.407907813703513	10.419279596885332	10.504478628703513
2020-01-20T00:00:00	10.286839493829344	10.168429869359503	10.289644743553719	10.409241786714874	10.410985983223142	10.50808795481405
2020-01-31T00:00:00	10.319721690447452	10.204962111508266	10.337736405950412	10.431765484235537	10.458457874132232	10.555190972169424
2020-02-10T03:00:00	10.3265595020532	10.194073897794421	10.340583352257232	10.452056096967974	10.478971790067149	10.568521273125002
2020-02-20T00:00:00	10.351814575788241	10.208362035371898	10.390599607706612	10.47690360231405	10.501871989524794	10.596818370000001
2020-02-29T00:00:00	10.36273951630593	10.210794178450413	10.406005986528925	10.485149931342976	10.516882686942148	10.612377976301653
2020-03-10T00:00:00	10.398470038847556	10.236760668842974	10.434425117623967	10.53351493	10.55564367216942	10.653714477024794
2020-03-20T00:00:00	10.391505061727369	10.234296495805786	10.430652187768596	10.525110868533059	10.5550778092562	10.65547450605372
2020-03-30T09:00:00	10.400356041449012	10.238734182892564	10.437663771342976	10.539132746115703	10.554512067210744	10.665468551404958
2020-04-10T09:00:00	10.452721060013658	10.287942121967976	10.471658480149795	10.615866920521697	10.638681470439051	10.734897069405992
2020-04-20T12:00:00	10.45194976641324	10.275844314529959	10.492558060108472	10.607777768248969	10.641015992339875	10.737310010315085
2020-04-30T00:00:00	10.426919872354318	10.244666328347106	10.473576144070247	10.57423298289256	10.608220132500001	10.721360310495866
2020-05-10T00:00:00	10.453781986298125	10.267567456859506	10.491177724235536	10.62136948	10.631398553987603	10.767330198099172
2020-05-20T00:00:00	10.423773629368497	10.244418808125001	10.46564117560434	10.580794592422519	10.620654496472108	10.756075873125
2020-05-31T00:00:00	10.445499741644122	10.268068147871901	10.487316802644628	10.60345403878099	10.648323837768597	10.7862815325
2020-06-10T00:00:00	10.45397493144641	10.264066004070248	10.491729767933887	10.62310939663223	10.656531045619834	10.80349870357438
2020-06-20T00:00:00	10.472957381030177	10.2831450817562	10.517254436115703	10.641736193326446	10.683664383223139	10.810906499442149
2020-06-30T21:00:00	10.456870934893342	10.258575687024795	10.5044601325	10.62833567338843	10.660643533326446	10.801649474132232
2020-07-10T00:00:00	10.474513421404787	10.278107350351242	10.517254436115703	10.649924336301654	10.68959677785124	10.825774306053717
2020-07-20T00:00:00	10.471402314640997	10.285163558615704	10.515024746859506	10.640568392499999	10.681294809669422	10.825774306053717
2020-07-31T21:00:00	10.496302121824272	10.304180829405993	10.550649398125	10.654320586430785	10.711950905563016	10.852899654529956
2020-08-10T00:00:00	10.472374116995317	10.280624705206613	10.523396053161157	10.63182529694215	10.696136372169422	10.82019072
2020-08-20T00:00:00	10.491204433244668	10.293003422587809	10.53712767167872	10.666077158744834	10.70716776258781	10.846643696885328
2020-08-31T00:00:00	10.477044064341833	10.29275007049587	10.52563299448347	10.638817597768593	10.692567507706611	10.83385677
2020-09-10T00:00:00	10.456774346277967	10.259323505439049	10.506402967133264	10.629207671348139	10.672130978290289	10.800109280563015
--- Sheet: A8 ---
Datum	MV EDZ 0-50	MV EDZ 0-10	MV EDZ 10-20	MV EDZ 20-30	MV EDZ 30-40	MV EDZ 40-50
2019-12-01T00:00:00	9.974866232146457	9.87126613789583	10.012257578813596	10.05326141216587	10.069968504052648	10.020490983828683
2019-12-10T00:00:00	10.03205875370668	9.954470405948515	10.063040625430332	10.091599430631781	10.108689528303682	10.060751648957813
2019-12-20T00:00:00	10.011962424140147	9.932266289618452	10.040985894038286	10.072772358640561	10.084216213895104	10.043152928113287
2019-12-31T00:00:00	9.997305854984646	9.924259228123104	10.024474929743349	10.052369856639011	10.083535031996862	10.031891897743971
2020-01-10T00:00:00	9.999445779814252	9.920170870736738	10.031498818586325	10.055938979572893	10.081719876480335	10.035416309272895
2020-01-20T00:00:00	10.004655158428974	9.93412059989996	10.022723792243351	10.063997789231985	10.086261391304713	10.044261181070418
2020-01-31T00:00:00	10.016054030982305	9.939077393226407	10.031498818586325	10.08386196536835	10.108228910395622	10.059408419737771
2020-02-10T03:00:00	10.030809885408033	9.96285984799397	10.056772887981989	10.084316143441697	10.118853701826406	10.07786004173674
2020-02-20T00:00:00	10.014277115415512	9.950919533187669	10.040543395820313	10.057950010629197	10.087398658569692	10.045370189451098
2020-02-29T00:00:00	10.01868446242026	9.95698216211587	10.039879875120416	10.065344731509878	10.093096326247895	10.051817335011533
2020-03-10T00:00:00	10.014199903872523	9.962439227647895	10.020974588627649	10.063100432052234	10.083535031996862	10.0495913107605
2020-03-20T00:00:00	10.02691344961524	9.959078616118969	10.053647903038804	10.076611554211322	10.108228910395622	10.07831261952083
2020-03-30T09:00:00	10.016981916337404	9.949043194755331	10.042092668379714	10.068491827196862	10.078095367100168	10.05940841973777
2020-04-10T09:00:00	10.016827230731915	9.96201872816959	10.046971449913805	10.049253219629714	10.094009705659053	10.078765318172689
2020-04-20T12:00:00	10.035185185639563	9.976383517250166	10.061247425946863	10.074352146282607	10.102251876557814	10.083298952418556
2020-04-30T00:00:00	10.04247766962142	9.975746830403576	10.063264911342007	10.095481262307917	10.10891988258312	10.090805873640146
2020-05-10T00:00:00	10.021784718494661	9.959498269522895	10.037228511845623	10.074352146282607	10.09675274471897	10.070635235207813
2020-05-20T00:00:00	9.991284290200891	9.931031442526512	10.008133935747999	10.042816168945315	10.065695114685397	10.031231931765145
2020-05-31T00:00:00	9.986044375251296	9.922622434755333	10.000997744980953	10.039054540265044	10.06188080216215	10.039832701783226
2020-06-10T00:00:00	9.988927884585973	9.930414426909259	10.006617448570829	10.035963285487153	10.050712849295417	10.034093748441283
2020-06-20T00:00:00	9.999904723207202	9.94197689370678	10.017918135709259	10.046586530321864	10.06861783421277	10.04559208177806
2020-06-30T21:00:00	10.005115654111208	9.948626563045622	10.019663955027442	10.053707371230953	10.067717991991696	10.050036273875168
2020-07-10T00:00:00	9.996924039432812	9.938043292645315	10.017263952044486	10.045920537876098	10.059864995620313	10.03607799761742
2020-07-20T00:00:00	10.003657887656018	9.943843985754816	10.019009046156057	10.057502903320312	10.062553281581057	10.035195806925273
2020-07-31T21:00:00	9.997687765652245	9.937629863931468	10.009868876967007	10.051701507271758	10.058522484354818	10.04892409271556
2020-08-10T00:00:00	10.003811272077844	9.939284303993453	10.020319135851302	10.057055916879197	10.06929303315647	10.049813777209362
2020-08-20T00:00:00	9.992730346003116	9.93082574043715	10.012257578813596	10.043480892279508	10.060088853257193	10.034534481184053
2020-08-31T00:00:00	10.012116630362183	9.950919533187669	10.030839014570313	10.063324726021758	10.081946665160602	10.063217061145313
2020-09-10T00:00:00	10.000363803566852	9.93412059989996	10.017481983049134	10.056832468984053	10.069968504052648	10.051371888425788